Name	Description	A54945	A54947	A54946	A54944	A54940	A54942	A54941	A54939	A54943
ISG15	na	14.566509	20.664007	22.786388	23.781084	25.671331	13.301214	19.350624	17.739007	23.237258
PRXL2B	na	7.47456	3.200146	4.823716	2.933663	5.017228	6.986719	3.704756	11.099852	4.328127
PRXL2B	na	7.142867	5.227426	3.888164	3.679089	3.60378	8.863223	3.482855	6.173433	2.988051
RPL22	na	8.968282	4.903877	5.713289	4.894081	3.44297	7.781518	4.496053	9.119565	3.134789
ACOT7	na	63.956407	54.850378	53.591508	52.524233	54.202358	66.528498	49.842062	66.541645	49.919428
VAMP3	na	19.198495	26.089425	28.202148	25.957235	29.761116	20.483882	27.118431	20.784739	29.878958
CCDC28B	na	15.404968	9.737001	11.265502	9.362647	8.939565	14.183944	8.470631	15.117231	9.15216
MARCKSL1	na	122.140494	71.188933	93.992284	62.137904	100.838278	115.767876	60.974556	133.297777	78.824157
BSDC1	na	7.000947	11.281231	13.19489	11.561354	12.751186	7.196055	11.022629	7.896864	11.871171
COL8A2	na	6.059799	2.036783	1.527779	2.594895	2.091981	4.702113	1.48333	5.763233	1.100051
MYCBP	na	19.870425	11.267364	10.01578	9.820891	11.216121	21.961159	11.053517	20.436046	11.066531
MYCBP	na	19.933957	11.482486	10.687179	10.115197	9.631072	19.894022	10.920724	17.618564	9.907728
SMAP2	na	26.552771	34.279347	37.070217	33.179995	31.675182	25.48731	33.705992	27.773843	35.223706
SLC2A1	na	21.122643	25.54645	28.338637	28.11837	29.883808	21.508461	26.739394	23.091046	26.470942
TMEM53	na	6.794696	11.78657	14.3716	11.910568	13.555098	7.973225	10.90987	8.407958	11.764137
RPS8	na	1492.818719	1372.318123	1272.240154	1344.680254	1239.571913	1546.205434	1290.358586	1598.539564	1240.387299
HPDL	na	16.62636	7.903107	11.737976	6.90868	9.863105	16.006178	6.912888	14.681573	9.80309
CC2D1B	na	7.073361	10.405757	12.440567	10.522157	12.429498	7.286091	10.365541	8.106566	12.176149
COA7	na	19.457143	13.75616	14.86545	13.366842	16.013007	19.015389	13.563587	18.380727	13.751484
TMEM59	na	48.926235	67.68316	73.032988	67.183904	72.741051	49.943872	59.884224	51.121028	71.786243
JAK1	na	22.272811	26.223685	31.593622	27.214778	32.028362	23.343209	27.9112	22.495571	29.657003
F3	na	1.70116	5.216867	3.271538	5.319818	3.050138	1.741694	3.968014	1.505163	3.727333
CD53	na	5.529774	13.008134	8.958843	10.969931	14.271326	6.262047	10.830511	5.195178	7.931046
TXNIP	na	63.484244	119.411907	78.200256	117.110683	95.59043	62.969099	121.430235	70.766027	78.983625
NBPF14	na	9.095636	12.833905	13.414611	12.712618	14.038533	10.186161	12.78916	10.817	12.877437
HIST2H2AA4	na	18.511082	50.374403	84.963379	48.757777	103.777459	17.554892	42.237808	31.517872	76.698622
SV2A	na	6.395569	3.077191	3.518465	2.835337	3.078617	6.001724	2.853048	5.265382	3.33184
CTSS	na	10.193697	19.009487	16.234944	19.270123	15.384743	8.870687	16.994723	9.676776	14.998461
CTSS	na	23.57345	57.186735	40.242511	52.066712	43.584313	27.055185	45.099647	25.840644	39.40185
CTSS	na	30.040461	67.567944	49.814564	69.281992	52.891966	33.651339	55.433154	28.32577	45.981613
INTS3	na	8.052869	5.820039	5.868051	5.709246	5.891896	7.620794	5.656041	8.011075	5.032312
RIT1	na	5.038478	10.200346	8.039996	9.737839	8.001409	5.538645	9.142376	5.02329	8.588165
CD1D	na	20.305188	33.644148	58.015583	33.995643	51.661907	21.158878	29.21198	18.285086	53.401835
CD1A	na	1.982414	3.946558	7.034317	4.611673	5.817121	2.088306	3.336761	1.570837	6.791462
CD1C	na	2.303206	6.872392	4.070218	7.554153	5.117616	2.407714	5.985192	2.038752	3.974019
CD244	na	1.838879	3.556918	5.901302	3.205708	6.385883	1.775965	3.725088	1.824376	6.341941
FCGR2B	na	2.968359	5.639636	5.942498	6.330491	5.932077	3.93335	6.827997	3.999936	5.17505
MGST3	na	47.793343	83.981089	70.395093	74.562396	75.483813	42.566933	68.19865	55.521689	61.114271
ALDH9A1	na	49.058363	60.809963	62.431476	60.4895	64.394978	51.489589	55.675437	46.673193	62.337889
GAS5	na	18.930421	14.792244	15.815973	14.763075	14.32034	17.79652	14.679278	17.64694	14.217571
GLUL	na	11.743125	25.275145	22.314722	21.78434	15.511744	9.853155	17.285589	11.522966	16.627096
ARL8A	na	27.189372	41.144551	45.201691	39.396097	44.081747	27.966929	38.296004	33.464975	38.069184
RABIF	na	14.752123	18.966803	19.784348	17.091913	19.881341	14.209484	17.713409	15.306772	18.504043
G0S2	na	82.255291	47.755038	19.703733	46.289125	27.406143	73.531307	45.124101	95.707752	19.613652
HSD11B1	na	28.801652	15.231519	5.731491	19.009652	5.994817	27.75133	14.00433	29.60464	3.486192
HSD11B1	na	66.33242	42.904803	12.009519	38.162665	16.167673	70.236066	38.254066	61.172252	10.710176
HLX	na	3.707884	5.260731	17.179789	5.90086	16.73288	4.035979	5.244773	4.202397	17.360969
NID1	na	16.434234	8.829797	6.051486	9.00598	5.795313	14.88584	9.132995	14.398328	5.690208
GPR137B	na	5.172296	7.586686	8.664528	8.408263	9.580193	4.780193	6.627574	5.493005	9.311863
LGALS8	na	8.905613	18.553118	16.385195	16.805671	18.481111	11.451041	16.924397	9.519096	15.52868
SDCCAG8	na	3.896177	7.461981	6.106034	7.169778	7.063342	4.429693	6.333004	4.685493	5.64801
COX20	na	23.870082	36.097673	31.366407	35.212613	31.213254	23.89846	33.912988	23.258442	30.435188
FRMD4A	na	8.976249	6.87581	6.436164	6.328843	6.878352	8.427527	5.850119	9.443572	5.855265
HNRNPH3	na	3.845559	6.275628	5.73102	6.303477	5.715905	4.205866	6.027928	3.706528	5.971967
PALD1	na	13.209687	7.782273	7.384953	7.513075	8.4147	13.955734	8.762118	16.285163	6.706363
ANXA11	na	11.772302	10.512946	6.77247	6.24516	6.394683	13.942369	8.539397	15.964528	5.951257
CDHR1	na	7.224665	4.80712	2.894852	4.453796	2.376373	7.491888	4.690045	8.165926	2.514801
CDHR1	na	5.969843	3.861596	2.43859	3.483259	1.880988	6.57477	3.721254	7.200231	1.646575
TWNK	na	10.475098	6.412671	7.426394	7.042427	7.360548	9.013754	6.604217	8.841904	6.603189
NPM3	na	81.217705	49.742605	63.753567	47.902011	62.661032	73.290607	47.760571	82.754962	55.982159
PDZD8	na	9.27078	7.041946	5.440433	7.268218	5.645239	9.664462	7.386999	9.277426	5.280122
PDZD8	na	10.310883	4.163946	5.878918	5.108042	4.564033	7.832282	4.443915	7.669704	5.330618
PTPRE	na	7.781588	14.666475	16.49668	15.812671	17.234898	8.258554	14.907156	8.79595	14.574556
INPP5A	na	5.992452	8.08469	13.29181	8.705866	11.531133	5.57801	7.805106	5.617328	12.746729
FUOM	na	13.335152	5.778879	11.33435	5.45793	10.639336	13.029176	5.44446	14.074984	10.39776
DEAF1	na	24.787099	20.056207	20.649733	19.320576	18.697031	25.50636	18.581588	25.743153	17.403926
TSPAN4	na	29.391181	20.042176	6.434148	20.935569	5.680994	27.673219	20.95209	32.070945	6.825019
TOLLIP	na	7.152755	11.264279	11.725578	11.673319	11.047979	7.2959	10.675856	8.738885	9.389302
TRIM22	na	17.64616	29.326074	30.669933	29.15222	30.628577	18.133162	26.369848	19.005863	28.171497
SMPD1	na	6.419698	12.269315	12.951791	12.594228	14.19331	6.11953	12.563424	8.833309	12.52302
SWAP70	na	2.882655	4.666194	5.027144	4.568636	5.658416	3.47264	5.836325	3.19124	5.416539
LGR4	na	6.215029	4.494624	3.734298	4.292311	4.877838	8.670351	3.920997	8.495813	3.8139
LMO2	na	56.411357	80.737861	72.866621	79.39171	74.755839	57.872473	78.027764	62.417249	73.902687
MED19	na	11.566543	17.610501	19.767434	17.551933	23.429566	11.350816	16.60709	12.669959	18.618118
LPXN	na	103.397089	213.258813	190.437208	201.058818	268.510444	108.495304	223.122487	157.214162	178.243308
CCDC86	na	44.610062	35.389527	31.483797	30.957026	32.11287	46.411659	31.980628	54.473222	27.884628
SLC15A3	na	2.504741	5.867583	6.336666	4.803877	5.661338	3.550008	5.355075	3.070069	4.690311
SLC15A3	na	5.526029	9.176698	10.645125	8.381575	9.142922	5.5311	7.194003	6.501494	9.544261
FADS1	na	40.829746	30.570723	24.38271	29.706529	30.838963	42.592655	32.897616	47.900348	25.61194
FADS1	na	15.818204	5.648601	7.243016	4.758297	3.561834	12.461554	6.411962	15.235255	3.164298
FADS2	na	34.942925	24.987642	23.705924	23.904461	23.257128	35.360694	22.934513	36.209366	21.806235
TTC9C	na	6.042264	8.35038	7.672439	9.621129	8.212895	5.8029	7.755871	6.235623	9.351673
MACROD1	na	8.83053	5.049531	7.10665	4.376786	6.920822	8.896652	5.05324	9.548884	6.578942
FERMT3	na	64.68783	104.583525	103.29734	96.319717	98.43187	65.006377	97.11615	82.146598	86.993802
NEAT1	na	4.326663	6.225551	7.88902	5.981928	5.814744	4.08593	6.51742	4.343963	7.049983
MALAT1	na	78.461474	109.732071	128.803978	126.022989	128.191703	78.929383	154.325743	87.853723	159.128491
B4GAT1	na	6.027308	3.934035	4.423173	3.810488	3.47022	6.744422	3.750725	6.38358	3.535599
GAL	na	93.533593	22.637298	32.936375	19.14193	28.70345	84.463443	21.82809	95.798443	27.716743
UCP2	na	41.219968	31.886584	30.545898	30.295272	28.766555	38.116153	28.925203	41.488132	26.018722
PRCP	na	19.54111	27.775557	29.159396	25.631238	31.578182	21.395709	27.236818	20.40391	29.11884
CASP1	na	5.836236	10.154968	10.153564	11.126938	8.246224	5.816504	9.82694	5.163794	8.771126
SLC35F2	na	9.610473	6.385545	7.074561	5.986136	8.307078	9.463216	6.20603	10.836251	6.733538
CD4	na	78.870126	66.737622	67.440442	65.69545	64.478569	80.456905	67.085879	85.982045	60.954992
M6PR	na	88.517711	107.088764	111.461372	105.482875	106.254549	82.190453	94.010687	81.429823	106.520652
FKBP11	na	6.112216	1.913699	3.722982	2.297497	3.398586	6.030141	1.861086	6.097464	3.556193
TROAP	na	3.140765	6.054752	6.537928	5.634181	6.073343	3.384922	5.061976	3.390637	5.741902
CERS5	na	13.323078	16.281985	16.381397	16.912239	17.42193	12.282504	15.517601	12.547091	16.037786
EIF4B	na	75.794924	60.985372	52.47382	59.58356	59.853514	79.925642	63.334108	70.591224	58.391195
ITGB7	na	2.276328	10.887386	10.792727	9.83585	14.493022	2.612848	16.587389	7.370385	11.784049
ITGA5	na	61.216479	114.04044	114.760808	111.306472	120.675461	62.079706	114.635341	82.362006	104.390563
ITGA5	na	17.434658	33.957141	34.802455	40.544985	53.027704	24.33565	39.007895	26.3553	40.562216
RAB5B	na	15.961181	20.241967	21.5536	21.809753	22.884523	17.058851	20.778784	17.328468	21.329441
NABP2	na	28.258857	13.827475	22.770914	14.496302	22.677893	26.366476	13.383748	28.607348	20.049992
ANKRD52	na	12.54657	18.552696	22.406017	18.368137	18.219894	12.226123	15.804056	11.253033	20.013236
STAC3	na	22.478016	16.206075	14.452386	16.264987	12.963853	20.415221	15.884867	21.384979	12.651206
GNS	na	18.539318	31.544285	30.624525	33.436591	32.374224	18.878838	30.960529	20.845259	28.208025
CKAP4	na	96.007536	63.804497	73.069353	70.80545	75.115633	97.489971	61.407332	84.004834	74.362886
UBE3B	na	3.394465	5.940372	4.804324	5.544836	5.939267	3.786896	5.887828	3.125931	5.541626
TRAFD1	na	16.249961	20.005242	22.765289	20.288166	22.149934	15.628784	19.725323	16.889424	20.031247
RHOF	na	9.386468	5.89847	6.582574	5.528366	6.678506	8.023087	5.883905	10.506385	6.335115
AACS	na	18.425932	13.763481	9.117604	12.737256	8.719901	18.783751	12.826604	20.981513	8.004398
PUS1	na	42.260805	28.093971	30.332221	26.068502	27.642422	32.402224	28.544073	44.229149	25.22836
PSPC1	na	11.081524	7.278778	7.522975	7.54057	6.445754	9.499005	5.992414	9.062316	6.779317
SPART	na	26.065705	42.362357	39.544636	36.885648	32.859289	19.078229	30.507211	23.157761	31.882502
KPNA3	na	18.651219	11.246963	12.341195	10.544145	13.183494	20.201964	10.171798	15.387124	11.478937
SLAIN1	na	6.277559	4.120377	2.942175	3.367294	2.460275	8.140513	3.149056	5.296555	2.804465
TM9SF2	na	44.84925	58.971505	55.862521	58.786662	67.021434	49.973918	57.826127	43.583734	63.772819
TNFSF13B	na	4.92023	10.893388	9.946783	11.848402	11.261559	6.594019	9.928485	5.00574	12.17651
IPO4	na	24.320596	16.726675	18.712758	19.128221	18.502131	22.534625	17.151918	26.462321	17.591195
MTHFD1	na	61.763715	50.135066	51.999546	49.994201	49.645437	64.826202	49.54219	62.88453	46.779498
VTI1B	na	9.029107	11.353712	11.548076	11.635667	11.448864	9.40345	11.727477	9.100843	10.64722
EVL	na	10.354494	20.193185	17.810568	20.405365	15.265267	7.561595	17.209242	11.470486	15.48479
WARS	na	8.081109	13.776138	13.169933	15.449489	15.540227	8.758265	14.057614	11.306918	13.258214
THBS1	na	1.098409	7.253097	3.524939	6.269043	5.034377	1.133156	7.522312	2.218185	2.966293
SORD	na	11.103204	8.458573	8.456389	8.310982	8.276574	11.917951	8.345402	11.136531	8.714312
SORD	na	30.714706	18.347714	20.698718	18.247657	19.680653	29.125686	16.213941	25.747662	18.682385
RAB27A	na	30.03635	58.056388	46.193289	57.930553	58.247678	33.247004	52.206533	39.336887	43.604074
CGNL1	na	10.998271	7.56407	6.339789	8.408904	6.380651	9.926132	8.603123	11.085096	6.117439
LACTB	na	7.533041	12.214198	12.410502	11.733159	16.22498	8.384122	11.254788	8.917797	12.243632
HEXA	na	15.379817	21.359621	18.841233	22.432923	20.3724	14.436823	21.70947	16.549538	20.368644
HEXA	na	20.656127	34.39711	29.895788	31.115017	35.460525	22.570161	29.786671	23.859862	27.622942
SCAMP2	na	46.786625	62.787699	58.569816	61.408197	60.777058	46.516287	57.157014	49.340756	54.234195
PRC1	na	48.010983	60.108448	61.021369	62.928146	59.171934	50.276037	60.344004	47.142907	59.721445
METTL26	na	46.513182	31.051431	38.825673	28.700968	38.985118	50.736479	27.654534	50.922164	37.614107
METRN	na	9.776685	4.56577	4.172936	5.157731	4.135292	13.916823	6.396845	8.653185	4.471114
METRN	na	16.454669	9.350766	7.281097	9.671245	6.061398	17.125392	6.129054	15.663557	6.535453
METRN	na	9.928706	5.799472	5.106819	5.180761	5.106689	10.164492	4.661741	8.838281	3.21309
NDUFB10	na	43.193174	13.087681	16.491214	11.842772	13.894843	32.066126	17.103605	22.711148	12.841051
SLC9A3R2	na	14.275533	8.258875	9.443403	8.627135	9.392764	13.128728	7.189797	13.543484	8.982851
NTHL1	na	34.340078	19.995325	26.837073	20.335404	24.380206	30.782135	17.599032	30.928658	23.568899
MLST8	na	12.04008	7.543749	9.041177	7.875325	9.43675	11.051993	7.645999	13.137003	7.270357
PGP	na	41.898267	34.997071	36.133378	34.346651	36.210861	42.675402	33.582124	46.948073	33.656892
MEFV	na	4.141057	8.566026	7.023382	9.82545	6.306867	4.499143	8.524839	4.519616	6.940103
UBN1	na	13.570235	11.172242	11.118895	10.741507	10.115572	13.883597	11.676144	14.823016	10.189156
LITAF	na	8.708645	18.163665	15.04463	16.295536	15.500521	9.902965	14.234964	12.097252	14.066593
LITAF	na	8.090345	12.123982	13.068841	15.5705	14.629401	9.109848	11.230195	8.719983	11.324352
FOPNL	na	26.606806	33.770857	33.053418	33.53939	33.478669	28.352319	30.345451	24.806361	33.496152
XYLT1	na	3.279224	5.330183	8.880484	5.449538	7.984881	3.166771	5.430734	3.49153	8.313005
CLN3	na	7.707787	10.609053	14.757203	10.951932	15.554767	5.589133	12.096241	7.145422	13.148478
ITGAL	na	3.446498	6.777815	8.141035	7.35253	7.892307	4.466625	7.246782	4.83483	6.873998
MT1A	na	21.554386	14.653176	3.46077	13.60401	3.147984	23.167149	13.045074	20.556383	2.142464
KATNB1	na	17.663224	13.090991	14.219172	12.783958	13.528989	16.73028	12.304304	17.436255	13.248122
GOT2	na	52.065975	42.709887	40.568681	42.571953	41.844859	50.385114	41.344894	52.886411	37.467255
BCAR1	na	3.135283	11.762657	13.587148	12.150565	13.806791	3.167429	12.36154	5.231355	13.186315
CDYL2	na	5.137624	6.715444	7.163757	6.748736	7.80301	5.50213	7.716168	5.488813	7.338874
GCSH	na	39.768088	32.796536	31.592635	29.617281	33.84263	41.985126	29.506212	38.806434	33.404636
COTL1	na	148.216281	106.95449	125.767039	95.941964	120.288387	144.757726	94.234663	149.248935	115.32297
RPL13	na	102.795247	75.970013	73.549693	69.347225	67.764078	82.620425	68.128315	101.698365	68.874919
RPL13	na	8.51118	5.473715	6.842632	5.325064	6.635691	9.207659	5.245082	9.029326	6.977856
CPNE7	na	12.926766	7.446767	5.694218	6.907398	4.577024	11.828413	7.166168	13.1777	3.989578
CPNE7	na	12.584231	6.032317	5.507738	6.671872	4.540408	9.916727	6.218459	10.354583	3.697536
MYO1C	na	12.706833	14.931893	16.719954	16.084236	15.990362	11.395708	14.93655	11.486598	15.693498
ATP2A3	na	22.94386	38.046495	37.095191	36.782511	38.342555	25.491453	36.742757	26.043601	34.169529
RNF167	na	29.905551	21.040763	24.809769	19.727816	24.759275	30.628174	20.221852	30.177792	23.57999
ASGR2	na	7.020598	13.79544	12.815005	13.395188	17.258159	6.438181	11.866957	8.942817	15.110114
ACADVL	na	5.319684	9.927812	9.895346	10.248559	10.829352	5.284853	11.861793	6.051122	10.232323
SAT2	na	2.582398	7.71162	7.544478	8.326704	7.973092	4.333457	6.945547	3.918214	7.697365
ALDOC	na	7.155562	4.622514	3.668377	3.918892	3.4233	5.432459	3.716154	7.742857	4.418995
EVI2B	na	26.417723	44.444911	43.227964	40.46792	36.254827	28.347249	36.23202	21.279656	40.000603
CCL2	na	11.967823	59.223282	59.846719	55.562893	105.46186	13.341442	70.195604	36.869008	49.18564
LIG3	na	9.471744	6.873541	6.921474	6.262937	7.205127	9.473877	6.988369	8.826287	6.253193
IGFBP4	na	57.057545	39.672104	40.22189	41.742253	44.617216	58.854922	39.25657	60.460718	40.344391
IFI35	na	11.498769	15.651359	21.508173	15.11088	22.192643	9.612921	13.931778	12.138126	20.187899
VAT1	na	56.535907	88.547024	92.074505	79.447053	91.244579	51.509163	80.324208	57.982922	83.766906
FMNL1	na	8.504693	18.106215	19.000139	16.514202	19.330224	8.817964	16.275647	10.066259	16.993002
NSF	na	54.970176	66.448293	76.011725	71.297981	86.271953	57.209332	73.508911	58.4624	76.198181
COPZ2	na	25.018339	14.741616	12.850408	15.074029	13.708334	25.607231	16.142765	26.875577	12.559007
PRR11	na	39.463878	20.984154	34.662222	22.628396	32.045156	44.532084	21.860158	42.27573	31.145888
CLTC	na	45.468752	58.242683	63.614158	61.296448	69.346436	45.380443	59.29391	50.437133	56.854206
DCAF7	na	39.075743	43.266462	55.756731	47.676816	53.09189	38.366029	46.052886	37.325004	54.831551
WBP2	na	54.187709	82.533356	82.61707	80.514342	77.775608	54.996845	75.90797	59.598523	75.225626
SYNGR2	na	16.805081	12.068912	11.933647	13.368328	11.270424	19.427121	13.115288	19.675725	9.328943
SYNGR2	na	92.802458	75.526459	55.960847	77.125906	56.425365	98.801938	76.974559	108.740079	52.591719
SLC25A10	na	59.3764	43.69417	46.469353	40.643628	43.761224	59.239458	37.372344	59.039475	45.335367
MCRIP1	na	19.281833	25.569055	32.074672	24.455399	32.410805	18.493811	25.033304	18.053076	26.982229
RAC3	na	47.287032	28.166923	27.375843	25.725079	21.329371	40.929766	23.985044	41.877398	23.075626
RAC3	na	18.87073	9.500859	12.079574	10.169953	10.422928	19.598005	9.20365	19.945469	10.930305
SLC16A3	na	112.055086	190.890061	206.760269	177.805495	201.316898	107.168822	163.519836	117.707268	181.192015
RAB12	na	4.099256	5.408485	5.12102	5.241834	5.776606	3.942157	5.725207	3.460419	5.287829
APCDD1	na	10.927427	4.965054	3.736592	4.911854	3.116334	9.37953	4.719205	9.147929	3.01282
APCDD1	na	10.000918	7.742553	5.526771	6.760971	4.23651	14.264229	6.16813	11.047508	5.348322
APCDD1	na	16.964916	10.560223	6.467529	8.355102	4.86363	19.522398	6.765566	16.750518	4.278596
APCDD1	na	12.109808	7.988041	4.624637	6.959133	3.119644	13.124467	5.641188	10.613009	2.848739
NPC1	na	6.44463	10.771132	11.327445	10.615699	11.265489	6.051822	10.772616	7.382394	10.643129
TTC39C	na	5.529174	8.837135	7.99152	7.950929	8.139105	5.944568	8.074305	6.37066	7.501055
SS18	na	7.090203	11.060733	10.071205	10.75882	11.184356	7.622742	11.436798	7.204481	10.649868
ELANE	na	1217.033982	946.261743	795.061201	822.177874	701.096223	1162.482498	812.522227	1238.632883	716.35339
ARID3A	na	10.385665	15.688897	19.0133	15.658874	16.295532	10.715399	14.143148	10.811304	16.959567
GAMT	na	121.417077	86.971931	82.402255	84.93438	85.89633	115.005623	83.217397	135.870772	75.07435
REXO1	na	8.766583	11.941885	14.777646	12.669522	13.419806	8.944771	12.403801	9.894561	13.501757
ADAT3	na	9.754629	13.335532	13.480662	11.867829	13.773302	9.375655	12.056832	10.305699	12.339549
MOB3A	na	56.821468	98.40281	94.122523	103.289914	104.025941	58.093514	103.620252	73.628112	95.910524
SIRT6	na	2.949528	5.396664	4.922584	5.401549	4.716181	2.331922	4.815509	2.292886	3.869941
SLC25A23	na	16.718546	9.843165	10.385315	10.696557	9.444512	16.430718	10.004098	17.159776	9.438546
CD70	na	61.576621	42.889438	38.717972	41.311591	34.290447	60.032252	32.674489	60.898193	32.776597
MCEMP1	na	59.674815	125.224536	113.517796	111.373149	179.214184	55.079466	111.728798	82.110511	109.155419
EVI5L	na	3.569101	7.755239	8.594614	7.288489	10.411564	3.917468	8.51554	5.283455	7.855407
CTXN1	na	11.551024	5.059003	7.761079	4.315223	8.866076	12.998304	4.677252	14.508059	7.641367
CD320	na	91.875877	61.896429	62.178685	56.399808	59.370562	87.701823	51.95958	90.912914	54.228644
CDKN2D	na	2.180201	5.385769	6.316617	5.616159	5.892446	3.384582	5.573951	2.743615	5.767759
DDA1	na	5.708651	9.223999	8.76459	8.571601	8.236995	5.826098	8.440648	6.930828	8.235863
DDA1	na	26.700591	39.560681	43.417401	42.31285	37.278228	28.294553	33.448302	27.403933	39.502741
JUND	na	24.596944	46.715607	46.929129	44.56956	61.362259	25.819717	48.796001	36.469503	48.173867
JUND	na	14.874755	26.663808	27.407176	26.062146	28.172667	11.064916	21.514463	17.124909	28.079383
CERS1	na	14.454412	5.548439	5.882618	4.852578	4.287018	13.13221	4.06546	11.081941	4.593109
PDCD5	na	86.19217	71.140706	60.644222	67.688152	67.051691	88.134311	71.761233	88.822864	61.518885
ANKRD27	na	16.373031	11.031987	13.73277	10.986237	12.268957	16.46183	11.541104	14.843313	11.40082
IGFLR1	na	2.960215	4.90048	6.344215	4.935909	6.037176	2.84802	5.078456	3.361325	5.074723
LRFN1	na	6.368593	3.137444	4.429088	2.775037	4.327176	6.366665	3.212681	6.90047	3.831644
BLVRB	na	42.92284	87.817763	75.99355	80.168317	96.41319	44.685758	81.086072	59.653231	77.796608
CALM3	na	185.994253	231.658107	265.146577	248.947435	224.172162	176.948932	204.957022	168.691813	249.281313
NAPA	na	57.219908	78.325387	76.009652	73.254184	75.531737	56.448574	76.060072	65.581436	69.298715
PPP1R15A	na	11.566976	23.350684	19.030798	20.84951	21.512123	11.593611	22.827041	15.772813	17.021042
NR1H2	na	23.75801	44.348105	47.398929	41.910289	47.695658	25.763842	42.173954	32.341343	43.426821
LENG9	na	7.93008	5.423439	5.42275	4.604121	5.088162	7.443127	5.222439	7.536077	5.030342
SLC27A5	na	27.058048	13.53396	16.278089	12.341397	15.059403	24.086091	12.784193	25.019146	15.34785
CHMP2A	na	68.739042	116.722283	100.245346	106.195341	107.385981	66.942204	98.869078	72.560735	94.580813
CGREF1	na	8.223643	5.965488	4.664539	4.778224	4.345837	8.877927	4.446533	9.525554	4.229405
CAD	na	30.004727	21.086787	23.002445	19.307797	18.107146	26.883619	19.664037	25.764146	20.884067
NRBP1	na	68.080968	92.360038	103.166364	93.759845	115.821797	70.95327	89.208014	79.644442	106.105646
YPEL5	na	4.105068	7.907744	10.078771	7.518176	11.948096	4.619798	7.597962	5.802109	10.219813
ZFP36L2	na	163.779694	144.801873	123.864143	131.877621	129.235768	167.75857	140.905684	174.795477	120.81082
FBXO11	na	7.933859	5.294896	2.147028	5.39501	2.348213	9.263506	5.045114	8.09021	1.535152
RTN4	na	74.990785	114.058756	95.388705	113.710029	122.303207	80.194052	106.884511	77.721982	115.795646
NAGK	na	7.957915	17.681044	25.91442	18.453352	27.814307	8.476996	15.779056	11.056107	25.161408
WDR54	na	21.085785	17.46293	15.106059	15.845445	15.764372	20.955179	17.10078	20.865994	13.575417
CHMP3	na	16.928454	23.842899	23.128771	22.778883	23.877043	17.097602	24.790592	16.305958	21.74474
RPL31	na	75.41552	56.549927	49.132227	60.296974	61.491857	87.085843	59.544217	80.154353	67.029151
CNOT11	na	19.279378	26.271101	24.661085	25.291453	25.871839	21.470049	23.756355	19.65807	24.935381
RNF149	na	5.82402	9.271463	13.429074	9.948248	14.422536	6.797607	8.249305	6.275036	12.632213
UXS1	na	13.386496	17.270997	20.742765	18.634477	22.731281	12.546184	18.876191	14.210705	21.056916
STEAP3	na	9.289756	5.18906	4.894628	5.083713	6.33995	7.680846	5.508193	10.303722	5.794267
MZT2B	na	158.236808	123.730268	120.053343	104.167692	124.367891	143.420453	110.3966	169.484835	120.26582
MZT2B	na	53.014233	39.34625	37.348423	36.298539	42.672533	61.614382	39.07413	57.547067	38.167571
MZT2A	na	125.227746	88.344966	108.155358	88.447127	109.225903	124.404283	84.51706	130.599832	104.160451
FAP	na	1.949934	7.243146	9.049311	4.900103	16.14541	1.942356	8.088977	4.019041	11.365938
CDCA7	na	53.42332	22.003367	27.681537	22.071776	30.970313	54.152008	22.497527	49.003683	29.086045
CDCA7	na	7.016843	2.601675	3.793079	2.462465	3.51759	8.093661	2.386279	4.769052	3.69444
SLC39A10	na	9.556096	5.971105	5.47044	6.236705	5.982279	9.632709	5.971794	7.985121	5.183411
COQ10B	na	8.77808	10.877135	13.520131	12.375064	14.0196	8.874955	10.87839	7.501163	14.329703
CASP8	na	4.976285	6.706153	7.688858	8.02855	8.504475	4.199224	6.855477	4.547276	9.104003
CXCR2	na	4.759475	7.400578	6.146733	7.820822	6.159497	4.468588	7.314517	4.424916	5.921813
TUBA4A	na	7.421823	13.06024	10.44516	13.794171	9.989062	6.929353	10.919955	7.309091	10.043945
TUBA4A	na	8.865489	15.555662	13.14732	14.760089	14.380749	8.580388	16.213206	8.105175	11.502989
OBSL1	na	5.958599	3.508809	1.197443	3.404147	1.048076	6.25391	3.5974	7.078895	0.953156
DOCK10	na	8.050894	12.959363	13.24721	10.340553	17.53075	6.286524	10.662761	8.198028	15.904083
INPP5D	na	33.117351	40.639725	39.968485	42.833355	41.722552	32.807033	43.838083	36.610675	40.308775
SOX12	na	11.723676	8.558642	9.919089	8.22928	8.883244	12.415345	7.943627	11.961238	8.792334
TMEM230	na	48.351359	64.956165	60.393124	60.248348	69.675694	50.157371	57.258996	48.704806	62.657344
TMX4	na	13.257152	18.242227	22.118392	21.924975	22.585454	12.995391	18.571168	12.203588	22.188206
SNRPB2	na	64.829124	89.897385	78.050589	81.723046	81.690996	66.291924	80.313261	67.022166	76.989304
CST7	na	24.340467	67.408113	48.153564	67.71363	61.537175	23.495726	60.742745	31.712374	48.289322
DYNLRB1	na	99.195478	214.214309	177.163895	210.151675	194.519645	94.697794	209.688685	122.546775	169.713668
TGM2	na	0.842827	5.752049	2.949874	4.697937	5.807901	1.197169	6.248719	1.877519	3.421524
RNF114	na	30.183616	40.20524	38.971378	38.180462	37.933795	32.241051	37.57184	32.156168	35.43986
ADRM1	na	12.291289	17.540353	20.203261	16.295478	17.356663	12.308507	15.67532	11.598294	18.043506
RPS21	na	35.831803	49.217959	48.2612	53.367517	46.295301	35.042424	49.593017	36.104522	47.601034
SLC17A9	na	12.880671	8.709873	9.378381	9.586506	8.764209	11.867725	7.840376	12.123746	7.854565
EEF1A2	na	15.141568	11.792965	4.945843	9.172767	5.596333	18.540188	12.772191	21.308816	4.968632
EEF1A2	na	13.86253	6.16519	2.16288	7.614367	2.231903	9.794008	6.273147	10.618139	2.827111
RNA5-8SN2	na	3074.458456	1735.986194	1887.623065	1613.561332	1520.477578	2258.617433	1704.687373	2873.454169	1568.057191
SAMSN1	na	3.099818	9.898667	11.038708	9.737005	9.677992	2.937863	8.619555	3.771712	8.830567
BTG3	na	14.528617	31.964765	36.578183	30.403116	41.0753	17.902216	27.036245	16.276772	37.612591
IFNAR2	na	4.083508	7.562499	8.064283	9.039833	9.017215	5.956155	7.194028	5.118913	8.429006
GART	na	35.483858	28.556084	26.100955	28.144884	28.002889	37.810533	27.704841	34.526756	25.191538
SON	na	15.134938	18.86284	18.088877	19.637415	19.595845	15.311455	21.156251	15.133931	19.101506
CBR1	na	85.670097	72.65105	71.429699	67.927467	73.266184	84.347375	66.913272	91.705498	67.044089
PSMG1	na	43.671193	31.175165	33.220834	29.835922	31.043565	42.456475	25.268679	40.852353	32.620629
WRB	na	3.848314	8.29844	6.024264	6.999414	5.814934	4.678909	6.401676	3.850083	6.25736
MX2	na	17.977704	14.358137	15.600974	13.909729	14.304846	18.309952	14.24089	18.175169	13.402427
RRP1B	na	21.186012	11.786186	17.376254	11.871281	14.637346	20.943094	11.546936	19.002774	14.887946
ATP6V1E1	na	64.967022	93.464485	88.66951	87.989647	91.766065	67.456138	83.304517	75.228044	84.652543
SEPT5	na	13.523458	8.432032	5.024772	8.971799	6.076661	12.105248	9.814304	13.838248	6.044878
ZDHHC8	na	14.406612	11.284624	12.166143	10.149248	10.425299	14.965055	10.731421	15.868217	9.548264
LZTR1	na	14.306178	11.516678	9.986121	9.433632	9.948596	14.741287	11.669442	14.395168	11.462462
YDJC	na	49.999357	36.172596	36.231845	37.832356	35.840384	52.010406	28.883791	48.183331	29.079634
CABIN1	na	15.38314	11.089024	11.524985	11.325076	11.952292	16.320976	11.807314	18.942086	10.313387
NEFH	na	29.130875	11.131903	16.152355	11.202682	14.739426	29.870592	10.579436	26.873244	14.949412
MTFP1	na	19.706536	14.082247	10.916241	14.021382	12.940783	19.740068	11.486046	19.51378	10.512199
MTFP1	na	8.773069	4.108713	4.80384	3.81142	3.32182	6.237926	5.00869	8.224282	3.673101
RNF185	na	8.334109	10.490198	10.926483	10.103078	10.247801	7.901696	10.807636	8.619218	10.082414
PATZ1	na	8.698987	6.100592	6.780907	5.720402	6.589413	8.688151	5.490737	8.402575	6.489058
PATZ1	na	8.216448	5.366458	6.409459	5.608101	5.905747	8.71143	5.556383	9.780684	5.334815
TOM1	na	7.434919	14.816241	10.351271	12.999993	10.742127	4.233322	11.138562	5.610276	11.553057
RAC2	na	270.599488	337.396103	348.849349	340.465085	335.963961	269.261353	306.998248	287.962837	319.784484
MFNG	na	71.569661	49.977838	54.2152	50.893956	47.306982	65.673172	48.022155	71.366221	46.066139
CDC42EP1	na	11.067886	2.60176	2.357957	1.7385	2.96618	10.390728	2.482402	12.000325	1.890802
GCAT	na	26.653838	16.328771	19.569673	15.270035	16.127221	23.73625	13.433554	23.18462	18.448458
SUN2	na	14.640872	23.665581	22.234259	22.564329	21.519839	14.201675	21.389433	16.891714	21.476057
SUN2	na	12.744004	18.81232	22.174524	20.431035	20.595731	14.14634	20.827841	14.7953	18.375195
RTL6	na	9.125496	7.163536	7.547035	7.012274	7.351242	8.780075	7.371367	9.775299	6.606661
TTC38	na	16.465517	12.237364	10.454438	12.494639	8.986281	15.5617	10.647237	16.187485	9.047973
SUMF1	na	9.506159	14.701673	13.511289	14.122704	14.117447	10.602008	13.342023	11.051764	12.23711
BHLHE40	na	5.773489	14.282329	10.640584	12.942222	11.848107	5.443747	13.463234	7.153258	9.796788
PPARG	na	2.940497	9.072498	9.518492	7.4192	10.261623	3.584254	8.81954	3.665448	9.503607
TBC1D5	na	19.932705	14.253684	15.034575	14.273471	15.32453	20.117542	15.038808	20.955189	14.701184
HMGB1P5	na	31.328652	22.693904	25.884062	23.39031	26.525376	35.976391	20.866876	30.958991	25.7824
GLB1	na	21.142843	30.776768	33.505559	32.417225	36.434489	15.780393	27.260659	22.706949	31.72463
ATRIP	na	15.908545	11.633239	11.347605	11.151496	13.595641	15.332167	10.651956	15.719395	12.077114
IMPDH2	na	381.807743	249.521832	293.638094	235.833101	276.570052	367.278317	231.403405	373.131188	267.131726
GNAI2	na	26.559439	38.968755	32.92809	41.596142	33.927018	25.342182	41.128521	26.417956	29.758437
ABHD14B	na	33.692378	25.026007	25.355377	24.536248	27.264682	30.589488	23.704127	32.711313	24.230079
ACY1	na	74.012791	60.702059	63.491402	56.567295	60.621296	75.334057	51.305956	74.767438	57.031016
GNL3	na	93.117233	68.180208	70.011847	64.189795	65.977868	92.092898	57.639637	77.139447	66.954964
CMSS1	na	45.01061	35.599643	33.762507	35.907641	38.510137	46.637076	33.555974	43.708878	35.553637
NIT2	na	32.749931	27.331057	27.638015	25.502396	27.970505	34.605637	26.863263	39.647297	24.130872
CHST13	na	30.520826	24.66522	10.117216	25.923596	10.229755	31.11064	23.914471	34.32803	10.122078
PLXNA1	na	9.89419	6.261165	7.742272	5.866259	6.333202	9.519163	5.708402	9.640011	6.394997
NUDT16	na	9.852633	6.522859	6.345818	6.779308	5.57996	9.72524	6.309578	8.882801	5.631843
MRAS	na	20.115828	13.575806	11.657536	11.780332	12.514659	20.194258	12.575794	21.45872	11.183435
MRAS	na	13.84077	9.451771	7.45918	7.340797	7.375925	12.995289	7.872506	13.883083	5.429938
MRAS	na	16.449084	7.057291	7.195863	7.806483	9.771596	13.34991	8.808475	14.788818	5.353883
GYG1	na	31.310902	40.363552	39.664267	38.935799	40.997442	33.726266	39.042927	32.506461	38.471905
RPL22L1	na	56.952594	39.677385	30.937237	34.147373	29.878577	49.064007	30.494633	58.294042	24.839308
RPL22L1	na	8.760111	4.754365	4.377798	4.324642	4.701819	8.229436	4.20373	6.973273	4.73131
ATP11B	na	4.414714	6.25213	6.131549	6.897869	7.834303	4.812852	6.8287	4.800593	7.200209
CCDC50	na	5.154008	8.653013	6.950136	8.65642	7.340893	5.324653	7.944092	5.627973	6.896407
RNF4	na	44.453338	56.906405	65.571165	56.571307	60.909879	41.217426	52.818762	45.804951	57.167237
ADD1	na	35.489834	44.118821	44.875445	44.688646	46.663717	37.314082	47.347858	39.546548	42.958894
SCARB2	na	9.374873	15.264008	15.596632	14.833194	19.968242	9.898627	15.602122	12.441116	15.451517
SNHG8	na	60.222938	50.458761	48.812683	48.063382	44.931325	58.840873	42.075058	59.179338	46.517612
ANXA5	na	41.747443	93.525472	68.545273	94.085342	86.289502	45.698974	92.23335	50.61182	71.187602
OSMR	na	5.00999	10.362918	16.734498	12.244704	17.398756	6.51465	11.739838	6.268489	16.062812
ANKRA2	na	4.060366	6.377968	7.35728	5.859231	6.571213	3.747161	5.807874	3.346936	6.465546
HEXB	na	45.056219	80.899216	80.312762	73.272715	107.274086	47.830977	79.621844	59.074721	82.463792
ST8SIA4	na	3.195435	5.463101	6.952743	5.608792	7.112444	3.361105	4.96109	3.180193	7.512633
SRP19	na	12.565026	7.125435	8.533502	7.611819	8.151697	10.866891	7.515052	10.971485	6.214665
HINT1	na	3.116669	5.558951	6.20033	6.362158	7.2031	4.007634	6.670638	2.573978	6.290778
ZCCHC10	na	9.675912	12.70371	12.007348	11.357268	13.833965	7.197156	11.855525	9.216734	12.702236
EGR1	na	9.720232	18.722066	16.298809	18.789588	20.847974	9.291432	18.419593	12.643026	14.389714
CYSTM1	na	3.721223	7.932585	7.709773	6.538042	10.653779	2.723723	9.551315	5.296322	7.121026
HBEGF	na	3.684981	7.725985	12.343721	7.62834	11.496553	3.917609	6.524475	4.197062	11.91357
RNF14	na	6.246411	8.56006	9.404621	9.295774	9.638451	7.323387	8.673238	5.448318	8.97669
NDFIP1	na	15.703856	19.597047	19.302872	19.962015	20.102565	15.722864	17.913163	14.237677	18.433379
DCTN4	na	15.064809	22.795758	19.11985	20.447393	18.040667	13.659845	17.764654	12.294274	19.129566
SMIM3	na	24.212579	45.30789	32.46696	45.418928	31.369116	25.302016	42.766209	26.553312	31.32565
SLC36A1	na	4.784998	8.014686	7.282535	7.764142	7.390825	4.56283	7.847588	5.281521	6.752699
ERGIC1	na	26.187352	19.880631	20.267773	17.273892	20.693309	24.498249	18.184705	28.55234	18.590945
KIAA1191	na	3.537177	5.527042	6.034951	8.101316	5.678574	2.030846	5.766801	3.373914	5.442177
PRR7	na	4.867702	3.284714	2.364077	2.065664	2.783119	5.333127	2.622573	5.847183	1.779722
PRR7	na	17.623631	12.519438	12.911908	10.720026	9.392681	17.018643	9.725891	20.201603	13.535926
MGAT1	na	1.979863	7.035657	7.943965	5.248849	5.458405	2.332998	3.359161	1.791506	6.738112
EEF1E1	na	22.1241	14.629483	13.489075	13.461674	13.806922	23.266801	14.401524	18.951939	15.367157
MYLIP	na	5.116634	7.099391	11.034549	6.978483	10.089202	5.395462	7.720824	4.568674	11.973284
HLA-F	na	6.078336	2.449039	3.658894	2.906893	4.299605	5.587833	2.308399	6.500318	3.366298
MICB	na	5.010009	7.694756	12.91385	8.459902	12.394521	5.350552	7.59098	5.395172	11.707354
VARS	na	72.707194	63.487565	65.047644	60.252488	60.086723	72.342346	63.25762	76.033806	58.76613
ZBTB12	na	6.762519	4.988255	4.673555	5.376758	4.490168	6.846452	4.721272	6.992262	4.571901
PHF1	na	7.651784	13.108263	11.987623	12.746249	12.111603	7.103217	11.035096	9.417525	10.552782
CUTA	na	15.465229	25.728144	23.160281	24.980614	23.572472	16.79265	22.215176	16.919514	23.577367
C6orf106	na	20.101954	30.376131	27.425311	29.650569	25.731172	20.529564	29.65425	21.61482	27.424617
TEAD3	na	2.683695	4.967404	5.069699	5.34553	4.749387	3.002731	5.070153	2.96784	5.074663
C6orf89	na	6.249537	4.684831	4.831749	4.137845	5.046099	6.532133	4.425437	7.576237	4.645022
ZFAND3	na	8.256485	12.610629	13.034754	12.737159	13.217024	8.400066	12.78325	9.131111	12.01962
ZFAND3	na	4.918776	10.179599	10.218106	9.482869	10.207714	6.235978	7.656257	3.726176	9.216865
CCND3	na	131.713178	162.967942	184.664152	171.103611	181.670578	137.61871	159.440218	134.369021	174.246283
SLC17A5	na	6.134826	11.569748	10.853057	11.129887	12.21824	6.60364	10.571895	6.478304	11.702257
SNHG5	na	403.317538	362.613453	303.796351	329.00373	303.833299	402.505196	336.16066	432.59249	275.155503
RRAGD	na	1.884216	4.501679	3.472385	3.939415	6.122971	2.00193	5.737048	2.582857	4.889467
OSTM1	na	10.119969	18.688776	15.61797	19.084759	16.139711	10.425505	15.817887	10.248987	14.38385
QKI	na	3.154166	7.112287	5.467018	6.892467	6.55645	3.892213	6.495991	3.771401	5.322354
ELFN1-AS1	na	19.095374	9.596519	7.567632	7.616164	7.387924	16.486736	9.006037	18.967459	5.68764
SNX8	na	7.532808	10.276888	10.030044	9.021405	9.9847	5.866992	8.776641	6.144746	9.76947
TTYH3	na	15.467131	28.079112	25.162181	26.291773	26.380154	16.970068	23.575992	18.840041	22.139319
TNRC18	na	22.339134	32.884025	36.315447	32.420494	30.434577	22.94741	29.422234	22.29021	33.305409
TMED4	na	15.010815	22.222992	27.168492	23.501673	23.496441	14.896621	19.965795	17.76864	23.34532
H2AFV	na	14.545513	25.524972	19.145084	26.350213	19.800476	16.185819	26.413744	16.309128	18.858405
MYO1G	na	45.601027	83.200563	80.208063	83.523363	76.793025	45.585647	79.455528	49.274186	76.499436
CCM2	na	8.510554	10.56092	17.936318	14.20974	16.771818	7.369817	11.546923	8.111332	18.730728
NCF1B	na	32.210096	55.8838	51.693329	53.814451	59.211115	35.70012	55.146812	42.144595	53.862517
NCF1B	na	26.808113	41.850582	41.50255	38.558174	49.830705	24.87523	42.152703	34.455647	39.62277
NCF1C	na	75.783227	124.365831	121.115463	122.30959	155.066778	74.262463	128.941298	104.261829	125.99185
FGL2	na	1.962482	4.789183	11.726265	4.628732	10.718003	2.053591	5.20122	3.200787	10.391371
TRIM4	na	12.074932	9.921595	8.503056	9.645035	8.37272	12.335083	9.101441	12.155257	7.684722
LRCH4	na	31.133508	46.789021	45.37418	44.905256	42.489855	31.362733	43.94926	35.56414	39.362235
PUS7	na	15.627963	12.046407	11.14688	10.807794	12.026028	15.562514	11.922836	14.787875	10.468558
SMIM30	na	25.179951	32.914748	36.109481	34.020556	40.438856	26.945957	30.026834	25.064604	35.821467
ST7	na	4.313098	6.454696	6.317485	7.377885	6.581491	4.033446	6.315736	4.705576	6.528427
LSM8	na	58.59237	81.559563	84.874883	80.036891	90.431732	66.874351	81.709269	64.82256	79.229699
AKR1B1	na	121.631114	85.439599	63.571102	86.909964	63.48229	120.248769	77.574733	116.623686	60.027389
HIPK2	na	6.497099	10.612458	13.727448	10.867258	14.443925	6.706676	11.713731	7.577151	14.204083
NUB1	na	9.794519	11.509194	11.789856	11.364885	12.027652	9.262342	11.564697	9.66794	12.311256
ACTR3B	na	6.131432	3.54495	4.054229	3.056498	3.783784	6.275124	3.867901	5.826008	3.427669
DNAJB6	na	31.742673	59.354793	47.418534	57.72735	52.386016	34.72023	55.477786	29.563636	49.177347
PTPRN2	na	46.038785	23.784424	34.697915	22.394948	32.453085	42.062328	21.618231	44.111921	32.27509
ZDHHC2	na	3.660159	6.639191	6.328145	5.856849	7.430226	3.865567	5.705665	4.427966	5.53009
ASAH1	na	33.88398	80.547314	54.903487	72.093007	70.668253	33.746769	65.494379	40.215538	51.063884
DOK2	na	36.440498	55.990202	54.04131	53.588359	53.765664	38.06761	51.788474	44.374375	49.373392
DOK2	na	12.888324	19.807547	18.845941	21.133907	19.312178	11.727151	17.661597	13.948027	16.147946
PDLIM2	na	12.941353	17.018732	29.279584	14.916546	26.972777	12.934942	16.340827	12.527396	26.922914
PDLIM2	na	13.175801	21.800742	20.962766	19.974552	18.086132	13.394831	18.53162	12.284499	16.799661
PDLIM2	na	7.173171	11.157508	11.248544	10.525947	10.561126	5.898982	9.316709	6.325486	11.890809
KCTD9	na	14.633572	18.696229	21.552587	19.800779	23.909002	15.269362	18.621084	12.699121	23.881158
PPP2CB	na	42.3095	57.003934	61.322355	58.606338	71.137243	46.571523	55.279026	43.786206	61.156725
ASH2L	na	8.667234	9.935559	13.91285	11.888946	11.217094	7.507399	12.03577	7.576631	11.66911
SDCBP	na	27.474033	51.507626	47.792508	50.92107	64.296602	31.87213	46.343194	35.252536	62.57964
SDCBP	na	21.868599	35.4396	41.664837	34.637874	52.805407	27.695089	35.795511	24.571144	40.371876
DNAJC5B	na	1.736023	6.21642	4.106688	7.935464	3.876673	1.083145	5.506648	1.919159	4.32554
CA2	na	114.646682	207.96441	283.379639	203.401277	204.611835	110.061987	155.536692	86.518789	264.743742
DECR1	na	40.169223	57.152731	53.910526	51.54755	54.475581	45.741789	51.050675	39.872576	55.668367
CCNE2	na	7.242077	12.275351	9.582939	16.391676	12.167332	7.846398	12.871202	5.305662	12.641385
CPQ	na	11.368585	20.145948	17.775313	18.854768	20.796517	11.32953	17.801839	13.246717	17.432876
OSR2	na	7.387712	4.868675	4.225607	3.931629	4.302224	7.715955	4.62769	7.834189	3.733239
MYC	na	71.027133	51.95275	58.276398	51.395876	53.31256	67.815526	48.492302	69.777383	50.974786
ST3GAL1	na	2.46403	4.63595	5.086347	6.577037	4.736773	2.456795	4.389018	1.678267	4.788764
TOP1MT	na	82.548988	65.168747	68.057112	59.916817	66.362286	78.097374	60.158715	86.113988	64.016834
RRAGA	na	29.730915	35.819042	42.092116	36.651153	45.047281	28.370944	36.267007	32.009736	40.124027
CHMP5	na	34.790839	50.476787	48.993412	49.879418	50.025511	37.114858	44.23894	31.817384	47.316455
CLTA	na	175.004952	253.516664	218.857572	234.441675	245.920758	182.173823	228.731296	190.737679	223.520072
ALDH1B1	na	15.985836	10.351048	9.625142	10.26123	8.385874	14.215406	8.53277	12.998116	8.823269
ANXA1	na	52.226237	87.596228	81.747447	73.818098	105.339465	57.198804	95.018322	66.368035	80.426402
GOLM1	na	28.904608	20.682396	23.888966	23.744372	21.50815	28.953405	21.947838	28.141143	22.334699
FAM120AOS	na	8.728403	6.726534	6.719891	6.17455	6.963713	9.602651	6.333912	8.249392	6.348905
FBP1	na	51.394479	38.803905	24.145905	35.759179	24.915236	46.313093	36.508263	58.311094	23.652276
C9orf3	na	5.417959	3.421047	3.940126	3.702798	3.426095	6.86662	3.840275	5.518421	3.794649
ATP6V1G1	na	72.937207	114.494461	129.149637	115.073822	122.505753	75.754694	98.127511	76.1042	113.954268
CNTRL	na	5.191418	8.850922	8.406785	9.738205	6.682858	5.583114	8.826289	5.486184	8.018321
NDUFA8	na	137.656657	114.262221	101.321732	104.839475	91.89801	132.450833	102.006952	140.998092	94.463706
RABGAP1	na	5.798943	8.399938	8.546095	9.059843	7.905762	6.204035	8.303671	6.141807	8.091405
TOR1B	na	11.105471	18.031478	20.385978	17.368911	22.408118	10.974127	16.291556	14.269032	18.275899
NCS1	na	31.557952	24.997382	25.948301	25.241797	24.5512	31.010931	24.243213	32.0301	23.163819
ASS1	na	22.274508	14.271038	11.016474	12.094033	14.154902	19.969684	13.506795	25.129605	8.88405
REXO4	na	37.377411	27.292361	31.724361	25.685358	30.481332	36.481678	26.103324	40.217812	28.608135
CARD9	na	25.331697	13.649698	3.053708	13.980083	3.346376	26.287177	12.888928	27.755897	2.505932
SNHG7	na	57.982802	48.118745	49.492305	47.168146	46.984972	57.7262	40.076893	63.850158	41.896517
SAPCD2	na	55.650675	35.132506	37.201053	33.199279	33.38412	55.910537	34.892736	61.94264	31.950031
MAN1B1	na	8.921526	13.921312	12.444373	12.662281	13.152862	9.69772	11.917838	8.759577	12.872799
NSMF	na	11.738505	6.503557	7.877714	8.67653	9.462136	11.366483	6.742115	12.986679	7.506791
MBTPS2	na	6.286323	2.754033	3.729594	2.739712	3.807826	6.657577	2.510906	5.179365	3.683623
RBM10	na	9.614731	6.926273	7.564892	7.944291	7.976098	9.560837	7.447966	10.125115	6.846134
SLC38A5	na	42.009053	13.743337	24.185448	13.491272	24.460793	39.634929	14.881354	39.322804	21.641509
FTSJ1	na	27.134375	20.670905	22.904773	18.677627	22.130021	26.747995	17.953743	28.219743	19.415223
HSD17B10	na	58.205663	110.681497	128.854394	100.017627	124.16141	56.980083	95.15515	60.490448	114.41367
BEX3	na	86.261091	51.878451	49.640219	48.777895	59.732214	91.527037	50.999876	93.079212	55.01963
BEX3	na	15.572986	10.650532	7.616642	10.053119	9.403568	13.519764	11.011889	18.041945	8.405652
GPC3	na	11.311859	7.829212	8.692996	6.979955	6.065373	11.939278	6.857564	9.664435	7.382169
IKBKG	na	1.344356	3.537822	5.912092	5.203054	4.118628	0.475019	2.123385	0.672689	3.096362
